45 5508 5616 85
312 60 52
68
52 18720
60 16224
104 9360
120 8112
156 6240
180 5408
208 4680
240 4056
260 3780
300 3276
312 3120
360 2704
364 2700
416 2340
420 2340
468 2100
480 2028
520 1920
540 1820
572 1740
600 1664
624 1560
660 1508
676 1440
720 1352
728 1380
780 1248
780 1260
832 1200
840 1196
884 1140
900 1092
960 1040
988 1020
1020 988
1040 960
1092 900
1140 884
1196 840
1200 832
1248 780
1260 780
1352 720
1380 728
1440 676
1508 660
1560 624
1664 600
1740 572
1820 540
1920 520
2028 480
2100 468
2340 416
2340 420
2700 364
2704 360
3120 312
3276 300
3780 260
4056 240
4680 208
5408 180
6240 156
8112 120
9360 104
16224 60
18720 52
300 59 49
68
49 17700
59 14700
98 8850
118 7350
147 5900
177 4900
196 4425
236 3675
245 3540
294 2950
295 2940
343 2537
354 2450
392 2242
413 2107
441 2006
472 1862
490 1770
531 1666
539 1652
588 1475
590 1470
637 1416
649 1372
686 1298
708 1225
735 1180
767 1176
784 1121
826 1078
833 1062
882 1003
885 980
931 944
944 931
980 885
1003 882
1062 833
1078 826
1121 784
1176 767
1180 735
1225 708
1298 686
1372 649
1416 637
1470 590
1475 588
1652 539
1666 531
1770 490
1862 472
2006 441
2107 413
2242 392
2450 354
2537 343
2940 295
2950 294
3540 245
3675 236
4425 196
4900 177
5900 147
7350 118
8850 98
14700 59
17700 49
318 58 86
68
58 27348
86 18444
116 13674
172 9222
174 9116
232 6880
258 6148
290 5504
344 4640
348 4558
406 3956
430 3712
464 3440
516 3074
522 3096
580 2752
602 2668
638 2494
688 2320
696 2322
754 2150
774 2088
812 1978
860 1856
870 1892
928 1720
946 1682
986 1634
1032 1566
1102 1462
1118 1450
1160 1376
1204 1334
1276 1290
1290 1276
1334 1204
1376 1160
1450 1118
1462 1102
1566 1032
1634 986
1682 946
1720 928
1856 860
1892 870
1978 812
2088 774
2150 754
2320 688
2322 696
2494 638
2668 602
2752 580
3074 516
3096 522
3440 464
3712 430
3956 406
4558 348
4640 344
5504 290
6148 258
6880 232
9116 174
9222 172
13674 116
18444 86
27348 58
318 91 40
68
40 28938
80 14469
91 12720
120 9646
160 7280
182 6360
200 5824
240 4823
273 4240
280 4186
320 3640
360 3276
364 3200
400 2912
440 2639
455 2560
480 2457
520 2275
546 2120
560 2093
600 2002
637 1840
640 1820
680 1729
728 1600
760 1547
800 1456
819 1440
880 1365
910 1280
920 1274
1000 1183
1001 1160
1080 1092
1092 1080
1160 1001
1183 1000
1274 920
1280 910
1365 880
1440 819
1456 800
1547 760
1600 728
1729 680
1820 640
1840 637
2002 600
2093 560
2120 546
2275 520
2457 480
2560 455
2639 440
2912 400
3200 364
3276 360
3640 320
4186 280
4240 273
4823 240
5824 200
6360 182
7280 160
9646 120
12720 91
14469 80
28938 40
291 76 80
68
76 23280
80 22116
152 11680
160 11096
228 7760
240 7372
304 5840
320 5548
380 4720
400 4484
456 3920
480 3724
532 3360
560 3192
608 2960
640 2812
684 2640
720 2508
760 2400
800 2280
836 2160
880 2052
912 2000
960 1900
988 1840
1040 1748
1064 1680
1120 1596
1140 1600
1200 1520
1216 1520
1280 1444
1292 1440
1360 1368
1368 1360
1440 1292
1444 1280
1520 1200
1520 1216
1596 1120
1600 1140
1680 1064
1748 1040
1840 988
1900 960
2000 912
2052 880
2160 836
2280 800
2400 760
2508 720
2640 684
2812 640
2960 608
3192 560
3360 532
3724 480
3920 456
4484 400
4720 380
5548 320
5840 304
7372 240
7760 228
11096 160
11680 152
22116 80
23280 76
305 62 59
68
59 18910
62 17995
118 9486
124 9027
177 6324
186 6018
236 4774
248 4543
295 3782
310 3599
354 3162
372 3009
413 2728
434 2596
472 2418
496 2301
531 2108
558 2006
590 1922
620 1829
649 1736
682 1652
708 1612
744 1534
767 1488
806 1416
826 1364
868 1298
885 1302
930 1239
944 1240
992 1180
1003 1116
1054 1062
1062 1054
1116 1003
1180 992
1239 930
1240 944
1298 868
1302 885
1364 826
1416 806
1488 767
1534 744
1612 708
1652 682
1736 649
1829 620
1922 590
2006 558
2108 531
2301 496
2418 472
2596 434
2728 413
3009 372
3162 354
3599 310
3782 295
4543 248
4774 236
6018 186
6324 177
9027 124
9486 118
17995 62
18910 59
291 65 35
68
35 18915
65 10185
70 9490
105 6305
130 5110
140 4745
175 3835
195 3395
210 3185
245 2730
260 2555
280 2405
315 2145
325 2065
350 1950
385 1755
390 1715
420 1625
455 1470
455 1495
490 1365
520 1295
525 1300
560 1235
585 1155
595 1170
630 1105
650 1050
665 1040
700 975
715 945
735 910
780 875
805 845
845 805
875 780
910 735
945 715
975 700
1040 665
1050 650
1105 630
1155 585
1170 595
1235 560
1295 520
1300 525
1365 490
1470 455
1495 455
1625 420
1715 390
1755 385
1950 350
2065 325
2145 315
2405 280
2555 260
2730 245
3185 210
3395 195
3835 175
4745 140
5110 130
6305 105
9490 70
10185 65
18915 35
299 73 90
68
73 26910
90 21827
146 13500
180 10950
219 9000
270 7300
292 6750
360 5475
365 5400
438 4500
450 4380
511 3870
540 3650
584 3420
630 3139
657 3060
720 2774
730 2700
803 2520
810 2482
876 2250
900 2190
949 2070
990 2044
1022 1980
1080 1825
1095 1800
1168 1710
1170 1679
1241 1620
1260 1606
1314 1530
1350 1460
1387 1440
1440 1387
1460 1350
1530 1314
1606 1260
1620 1241
1679 1170
1710 1168
1800 1095
1825 1080
1980 1022
2044 990
2070 949
2190 900
2250 876
2482 810
2520 803
2700 730
2774 720
3060 657
3139 630
3420 584
3650 540
3870 511
4380 450
4500 438
5400 365
5475 360
6750 292
7300 270
9000 219
10950 180
13500 146
21827 90
26910 73
315 90 42
68
42 28350
84 14220
90 13230
126 9450
168 7110
180 6636
210 5670
252 4770
270 4410
294 4050
336 3600
360 3318
378 3150
420 2880
450 2646
462 2610
504 2430
540 2226
546 2250
588 2070
630 1890
630 1890
672 1800
714 1710
720 1680
798 1530
810 1470
840 1440
882 1350
900 1344
966 1260
990 1218
1050 1170
1080 1134
1134 1080
1170 1050
1218 990
1260 966
1344 900
1350 882
1440 840
1470 810
1530 798
1680 720
1710 714
1800 672
1890 630
1890 630
2070 588
2226 540
2250 546
2430 504
2610 462
2646 450
2880 420
3150 378
3318 360
3600 336
4050 294
4410 270
4770 252
5670 210
6636 180
7110 168
9450 126
13230 90
14220 84
28350 42
296 47 69
68
47 20424
69 13912
94 10212
138 6956
141 6831
188 5106
207 4653
235 4140
276 3478
282 3450
329 2967
345 2820
376 2553
414 2350
423 2277
470 2070
483 2021
517 1863
552 1739
564 1725
611 1587
621 1551
658 1518
690 1410
705 1380
752 1311
759 1269
799 1242
828 1175
846 1173
893 1104
897 1081
940 1035
966 1034
1034 966
1035 940
1081 897
1104 893
1173 846
1175 828
1242 799
1269 759
1311 752
1380 705
1410 690
1518 658
1551 621
1587 611
1725 564
1739 552
1863 517
2021 483
2070 470
2277 423
2350 414
2553 376
2820 345
2967 329
3450 282
3478 276
4140 235
4653 207
5106 188
6831 141
6956 138
10212 94
13912 69
20424 47
295 98 49
68
49 28910
98 14455
98 14504
147 9702
196 7252
196 7252
245 5782
294 4851
294 4900
343 4214
392 3626
392 3626
441 3234
490 2891
490 2940
539 2646
588 2450
588 2450
637 2254
686 2107
686 2156
735 1960
784 1813
784 1862
833 1764
882 1617
882 1666
931 1568
980 1470
980 1470
1078 1323
1078 1372
1127 1274
1176 1225
1225 1176
1274 1127
1323 1078
1372 1078
1470 980
1470 980
1568 931
1617 882
1666 882
1764 833
1813 784
1862 784
1960 735
2107 686
2156 686
2254 637
2450 588
2450 588
2646 539
2891 490
2940 490
3234 441
3626 392
3626 392
4214 343
4851 294
4900 294
5782 245
7252 196
7252 196
9702 147
14455 98
14504 98
28910 49
317 92 74
68
74 29164
92 23458
148 14628
184 11766
222 9752
276 7844
296 7360
368 5920
370 5888
444 4876
460 4736
518 4232
552 3922
592 3680
644 3404
666 3312
736 2960
740 2944
814 2668
828 2664
888 2484
920 2368
962 2300
1012 2146
1036 2116
1104 1998
1110 2024
1184 1840
1196 1850
1258 1748
1288 1702
1380 1628
1406 1564
1472 1480
1480 1472
1564 1406
1628 1380
1702 1288
1748 1258
1840 1184
1850 1196
1998 1104
2024 1110
2116 1036
2146 1012
2300 962
2368 920
2484 888
2664 828
2668 814
2944 740
2960 736
3312 666
3404 644
3680 592
3922 552
4232 518
4736 460
4876 444
5888 370
5920 368
7360 296
7844 276
9752 222
11766 184
14628 148
23458 92
29164 74
304 69 50
68
50 20976
69 15200
100 10488
138 7600
150 7038
200 5244
207 5100
250 4209
276 3800
300 3519
345 3050
350 3036
400 2622
414 2550
450 2346
483 2200
500 2139
550 1932
552 1900
600 1794
621 1700
650 1656
690 1550
700 1518
750 1449
759 1400
800 1311
828 1300
850 1242
897 1200
900 1173
950 1104
966 1100
1035 1050
1050 1035
1100 966
1104 950
1173 900
1200 897
1242 850
1300 828
1311 800
1400 759
1449 750
1518 700
1550 690
1656 650
1700 621
1794 600
1900 552
1932 550
2139 500
2200 483
2346 450
2550 414
2622 400
3036 350
3050 345
3519 300
3800 276
4209 250
5100 207
5244 200
7038 150
7600 138
10488 100
15200 69
20976 50
298 34 67
68
34 19966
67 10132
68 9983
102 6700
134 5066
136 5025
170 4020
201 3400
204 3350
238 2881
268 2550
272 2546
306 2278
335 2040
340 2010
374 1876
402 1700
408 1675
442 1541
469 1462
476 1474
510 1340
536 1292
544 1273
578 1206
603 1156
612 1139
646 1072
670 1020
680 1005
737 952
748 938
782 871
804 850
850 804
871 782
938 748
952 737
1005 680
1020 670
1072 646
1139 612
1156 603
1206 578
1273 544
1292 536
1340 510
1462 469
1474 476
1541 442
1675 408
1700 402
1876 374
2010 340
2040 335
2278 306
2546 272
2550 268
2881 238
3350 204
3400 201
4020 170
5025 136
5066 134
6700 102
9983 68
10132 67
19966 34
315 33 48
68
33 15120
48 10395
66 7584
96 5214
99 5040
132 3792
144 3465
165 3024
192 2607
198 2544
231 2160
240 2079
264 1920
288 1749
297 1680
330 1536
336 1485
363 1392
384 1320
396 1296
429 1200
432 1155
462 1104
480 1056
495 1008
528 957
528 960
561 912
576 891
624 825
627 816
660 768
672 759
693 720
720 693
759 672
768 660
816 627
825 624
891 576
912 561
957 528
960 528
1008 495
1056 480
1104 462
1155 432
1200 429
1296 396
1320 384
1392 363
1485 336
1536 330
1680 297
1749 288
1920 264
2079 240
2160 231
2544 198
2607 192
3024 165
3465 144
3792 132
5040 99
5214 96
7584 66
10395 48
15120 33
297 69 86
68
69 25542
86 20493
138 12814
172 10281
207 8514
258 6831
276 6450
344 5175
345 5160
414 4300
430 4140
483 3698
516 3450
552 3268
602 2967
621 2838
688 2622
690 2580
759 2322
774 2277
828 2150
860 2070
897 1978
946 1863
966 1892
1032 1725
1035 1720
1104 1634
1118 1587
1173 1548
1204 1518
1242 1462
1290 1380
1311 1376
1376 1311
1380 1290
1462 1242
1518 1204
1548 1173
1587 1118
1634 1104
1720 1035
1725 1032
1863 946
1892 966
1978 897
2070 860
2150 828
2277 774
2322 759
2580 690
2622 688
2838 621
2967 602
3268 552
3450 516
3698 483
4140 430
4300 414
5160 345
5175 344
6450 276
6831 258
8514 207
10281 172
12814 138
20493 86
25542 69
308 72 49
68
49 22176
72 15092
98 11088
144 7546
147 7416
196 5544
216 5047
245 4464
288 3773
294 3744
343 3168
360 3038
392 2808
432 2548
441 2520
490 2232
504 2156
539 2016
576 1911
588 1872
637 1728
648 1715
686 1584
720 1519
735 1512
784 1440
792 1372
833 1368
864 1274
931 1224
936 1176
980 1152
1008 1078
1029 1080
1078 1008
1080 1029
1152 980
1176 936
1224 931
1274 864
1368 833
1372 792
1440 784
1512 735
1519 720
1584 686
1715 648
1728 637
1872 588
1911 576
2016 539
2156 504
2232 490
2520 441
2548 432
2808 392
3038 360
3168 343
3744 294
3773 288
4464 245
5047 216
5544 196
7416 147
7546 144
11088 98
15092 72
22176 49
307 72 37
68
37 22104
72 11359
74 11088
111 7416
144 5698
148 5544
185 4464
216 3811
222 3744
259 3168
288 2849
296 2808
333 2520
360 2294
370 2232
407 2016
432 1924
444 1872
481 1728
504 1628
518 1584
555 1512
576 1443
592 1440
629 1368
648 1295
703 1224
720 1147
740 1152
777 1080
792 1036
814 1008
864 962
888 936
936 888
962 864
1008 814
1036 792
1080 777
1147 720
1152 740
1224 703
1295 648
1368 629
1440 592
1443 576
1512 555
1584 518
1628 504
1728 481
1872 444
1924 432
2016 407
2232 370
2294 360
2520 333
2808 296
2849 288
3168 259
3744 222
3811 216
4464 185
5544 148
5698 144
7416 111
11088 74
11359 72
22104 37
294 94 96
68
94 28224
96 27636
188 14112
192 13818
282 9408
288 9212
376 7104
384 6956
470 5664
480 5546
564 4704
576 4606
658 4032
672 3948
752 3552
768 3478
846 3168
864 3102
940 2880
960 2820
1034 2592
1056 2538
1128 2400
1152 2350
1222 2208
1248 2162
1316 2016
1344 1974
1410 1920
1440 1880
1504 1824
1536 1786
1598 1728
1632 1692
1692 1632
1728 1598
1786 1536
1824 1504
1880 1440
1920 1410
1974 1344
2016 1316
2162 1248
2208 1222
2350 1152
2400 1128
2538 1056
2592 1034
2820 960
2880 940
3102 864
3168 846
3478 768
3552 752
3948 672
4032 658
4606 576
4704 564
5546 480
5664 470
6956 384
7104 376
9212 288
9408 282
13818 192
14112 188
27636 96
28224 94
317 56 95
68
56 30115
95 17752
112 15105
168 10070
190 8904
224 7600
280 6080
285 5936
336 5035
380 4480
392 4370
448 3800
475 3584
504 3420
560 3040
570 2968
616 2755
665 2576
672 2565
728 2375
760 2240
784 2185
840 2090
855 2016
896 1900
950 1792
952 1805
1045 1624
1064 1615
1120 1520
1140 1512
1232 1425
1235 1400
1288 1330
1330 1288
1400 1235
1425 1232
1512 1140
1520 1120
1615 1064
1624 1045
1792 950
1805 952
1900 896
2016 855
2090 840
2185 784
2240 760
2375 728
2565 672
2576 665
2755 616
2968 570
3040 560
3420 504
3584 475
3800 448
4370 392
4480 380
5035 336
5936 285
6080 280
7600 224
8904 190
10070 168
15105 112
17752 95
30115 56
301 33 40
68
33 12040
40 9933
66 6040
80 4983
99 4040
120 3333
132 3040
160 2508
165 2440
198 2040
200 2013
231 1720
240 1683
264 1520
280 1419
297 1360
320 1254
330 1240
360 1122
363 1120
396 1040
400 1023
429 960
440 924
462 880
480 858
495 840
520 792
528 760
560 726
561 720
594 680
600 693
627 640
640 627
680 594
693 600
720 561
726 560
760 528
792 520
840 495
858 480
880 462
924 440
960 429
1023 400
1040 396
1120 363
1122 360
1240 330
1254 320
1360 297
1419 280
1520 264
1683 240
1720 231
2013 200
2040 198
2440 165
2508 160
3040 132
3333 120
4040 99
4983 80
6040 66
9933 40
12040 33
309 35 74
68
35 22866
70 11470
74 10815
105 7622
140 5772
148 5425
175 4588
210 3848
222 3605
245 3330
280 2886
296 2730
315 2590
350 2294
370 2170
385 2146
420 1924
444 1820
455 1776
490 1702
518 1575
525 1554
560 1480
592 1365
595 1406
665 1258
666 1225
700 1184
735 1110
740 1085
805 1036
814 1015
840 962
888 910
910 888
962 840
1015 814
1036 805
1085 740
1110 735
1184 700
1225 666
1258 665
1365 592
1406 595
1480 560
1554 525
1575 518
1702 490
1776 455
1820 444
1924 420
2146 385
2170 370
2294 350
2590 315
2730 296
2886 280
3330 245
3605 222
3848 210
4588 175
5425 148
5772 140
7622 105
10815 74
11470 70
22866 35
312 74 98
68
74 30576
98 23088
148 15288
196 11544
222 10192
294 7696
296 7644
370 6174
392 5772
444 5096
490 4662
518 4410
588 3848
592 3822
666 3430
686 3330
740 3136
784 2886
814 2842
882 2590
888 2548
962 2352
980 2368
1036 2254
1078 2146
1110 2058
1176 1924
1184 1960
1258 1862
1274 1776
1372 1702
1406 1666
1470 1554
1480 1568
1554 1470
1568 1480
1666 1406
1702 1372
1776 1274
1862 1258
1924 1176
1960 1184
2058 1110
2146 1078
2254 1036
2352 962
2368 980
2548 888
2590 882
2842 814
2886 784
3136 740
3330 686
3430 666
3822 592
3848 588
4410 518
4662 490
5096 444
5772 392
6174 370
7644 296
7696 294
10192 222
11544 196
15288 148
23088 98
30576 74
296 72 91
68
72 26936
91 21312
144 13468
182 10656
216 9009
273 7128
288 6734
360 5460
364 5328
432 4550
455 4320
504 3913
546 3600
576 3367
637 3096
648 3003
720 2730
728 2664
792 2457
819 2376
864 2275
910 2160
936 2093
1001 1944
1008 2002
1080 1820
1092 1800
1152 1729
1183 1656
1224 1638
1274 1584
1296 1547
1365 1440
1368 1456
1440 1365
1456 1368
1547 1296
1584 1274
1638 1224
1656 1183
1729 1152
1800 1092
1820 1080
1944 1001
2002 1008
2093 936
2160 910
2275 864
2376 819
2457 792
2664 728
2730 720
3003 648
3096 637
3367 576
3600 546
3913 504
4320 455
4550 432
5328 364
5460 360
6734 288
7128 273
9009 216
10656 182
13468 144
21312 91
26936 72
305 83 68
68
68 25315
83 20740
136 12699
166 10404
204 8466
249 6936
272 6391
332 5236
340 5063
408 4233
415 4148
476 3652
498 3468
544 3237
581 2992
612 2822
664 2652
680 2573
747 2312
748 2324
816 2158
830 2108
884 1992
913 1904
952 1826
996 1768
1020 1743
1079 1632
1088 1660
1156 1494
1162 1496
1224 1411
1245 1428
1328 1360
1360 1328
1411 1224
1428 1245
1494 1156
1496 1162
1632 1079
1660 1088
1743 1020
1768 996
1826 952
1904 913
1992 884
2108 830
2158 816
2312 747
2324 748
2573 680
2652 664
2822 612
2992 581
3237 544
3468 498
3652 476
4148 415
4233 408
5063 340
5236 332
6391 272
6936 249
8466 204
10404 166
12699 136
20740 83
25315 68
293 33 84
68
33 24612
66 12348
84 9669
99 8232
132 6216
165 4956
168 4851
198 4116
231 3528
252 3234
264 3108
297 2772
330 2520
336 2442
363 2268
396 2100
420 1947
429 1932
462 1764
495 1680
504 1617
528 1596
561 1512
588 1386
594 1428
627 1344
660 1260
672 1221
693 1176
756 1089
759 1092
825 1008
840 990
891 924
924 891
990 840
1008 825
1089 756
1092 759
1176 693
1221 672
1260 660
1344 627
1386 588
1428 594
1512 561
1596 528
1617 504
1680 495
1764 462
1932 429
1947 420
2100 396
2268 363
2442 336
2520 330
2772 297
3108 264
3234 252
3528 231
4116 198
4851 168
4956 165
6216 132
8232 99
9669 84
12348 66
24612 33
298 98 75
68
75 29204
98 22350
150 14602
196 11175
225 9800
294 7500
300 7350
375 5880
392 5625
450 4900
490 4500
525 4214
588 3750
600 3724
675 3332
686 3225
750 2940
784 2850
825 2744
882 2550
900 2450
975 2254
980 2250
1050 2156
1078 2100
1125 1960
1176 1875
1200 1862
1274 1725
1275 1764
1350 1666
1372 1650
1425 1568
1470 1500
1500 1470
1568 1425
1650 1372
1666 1350
1725 1274
1764 1275
1862 1200
1875 1176
1960 1125
2100 1078
2156 1050
2250 980
2254 975
2450 900
2550 882
2744 825
2850 784
2940 750
3225 686
3332 675
3724 600
3750 588
4214 525
4500 490
4900 450
5625 392
5880 375
7350 300
7500 294
9800 225
11175 196
14602 150
22350 98
29204 75
313 31 81
68
31 25353
62 12717
81 9703
93 8505
124 6399
155 5103
162 4867
186 4293
217 3645
243 3255
248 3240
279 2835
310 2592
324 2449
341 2349
372 2187
403 2025
405 1953
434 1863
465 1701
486 1643
496 1620
527 1539
567 1395
589 1377
620 1296
648 1240
651 1215
713 1134
729 1085
775 1053
810 992
837 972
891 899
899 891
972 837
992 810
1053 775
1085 729
1134 713
1215 651
1240 648
1296 620
1377 589
1395 567
1539 527
1620 496
1643 486
1701 465
1863 434
1953 405
2025 403
2187 372
2349 341
2449 324
2592 310
2835 279
3240 248
3255 243
3645 217
4293 186
4867 162
5103 155
6399 124
8505 93
9703 81
12717 62
25353 31
299 63 98
68
63 29302
98 18837
126 14700
189 9800
196 9450
252 7350
294 6300
315 5880
378 4900
392 4725
441 4214
490 3780
504 3724
567 3332
588 3150
630 2940
686 2709
693 2744
756 2450
784 2394
819 2254
882 2142
882 2156
945 1960
980 1890
1008 1862
1071 1764
1078 1764
1134 1666
1176 1575
1197 1568
1260 1470
1274 1449
1372 1386
1386 1372
1449 1274
1470 1260
1568 1197
1575 1176
1666 1134
1764 1071
1764 1078
1862 1008
1890 980
1960 945
2142 882
2156 882
2254 819
2394 784
2450 756
2709 686
2744 693
2940 630
3150 588
3332 567
3724 504
3780 490
4214 441
4725 392
4900 378
5880 315
6300 294
7350 252
9450 196
9800 189
14700 126
18837 98
29302 63
317 64 77
68
64 24409
77 20288
128 12243
154 10176
192 8162
231 6784
256 6160
308 5120
320 4928
384 4081
385 4096
448 3542
462 3392
512 3080
539 2944
576 2772
616 2560
640 2464
693 2304
704 2233
768 2079
770 2048
832 1925
847 1856
896 1771
924 1728
960 1694
1001 1600
1024 1540
1078 1472
1088 1463
1155 1408
1216 1309
1232 1280
1280 1232
1309 1216
1408 1155
1463 1088
1472 1078
1540 1024
1600 1001
1694 960
1728 924
1771 896
1856 847
1925 832
2048 770
2079 768
2233 704
2304 693
2464 640
2560 616
2772 576
2944 539
3080 512
3392 462
3542 448
4081 384
4096 385
4928 320
5120 308
6160 256
6784 231
8162 192
10176 154
12243 128
20288 77
24409 64
306 42 81
68
42 24786
81 12852
84 12393
126 8262
162 6426
168 6237
210 5022
243 4284
252 4131
294 3564
324 3234
336 3159
378 2754
405 2604
420 2511
462 2268
486 2142
504 2106
546 1944
567 1848
588 1782
630 1701
648 1638
672 1620
714 1458
729 1428
756 1377
810 1302
840 1296
882 1215
891 1176
924 1134
972 1092
1008 1053
1053 1008
1092 972
1134 924
1176 891
1215 882
1296 840
1302 810
1377 756
1428 729
1458 714
1620 672
1638 648
1701 630
1782 588
1848 567
1944 546
2106 504
2142 486
2268 462
2511 420
2604 405
2754 378
3159 336
3234 324
3564 294
4131 252
4284 243
5022 210
6237 168
6426 162
8262 126
12393 84
12852 81
24786 42
304 41 82
68
41 24928
82 12464
82 12464
123 8364
164 6232
164 6232
205 5002
246 4182
246 4182
287 3608
328 3116
328 3116
369 2788
410 2501
410 2542
451 2296
492 2091
492 2132
533 1968
574 1804
574 1804
615 1722
656 1558
656 1558
697 1476
738 1394
738 1394
779 1312
820 1271
861 1230
902 1148
902 1148
984 1066
984 1066
1066 984
1066 984
1148 902
1148 902
1230 861
1271 820
1312 779
1394 738
1394 738
1476 697
1558 656
1558 656
1722 615
1804 574
1804 574
1968 533
2091 492
2132 492
2296 451
2501 410
2542 410
2788 369
3116 328
3116 328
3608 287
4182 246
4182 246
5002 205
6232 164
6232 164
8364 123
12464 82
12464 82
24928 41
309 41 95
68
41 29355
82 14725
95 12669
123 9785
164 7410
190 6355
205 5890
246 4940
285 4223
287 4275
328 3705
369 3325
380 3198
410 2945
451 2755
475 2542
492 2470
533 2280
570 2132
574 2185
615 1995
656 1900
665 1845
697 1805
760 1599
779 1615
820 1520
855 1435
861 1425
943 1330
950 1271
984 1235
1045 1189
1066 1140
1140 1066
1189 1045
1235 984
1271 950
1330 943
1425 861
1435 855
1520 820
1599 760
1615 779
1805 697
1845 665
1900 656
1995 615
2132 570
2185 574
2280 533
2470 492
2542 475
2755 451
2945 410
3198 380
3325 369
3705 328
4223 285
4275 287
4940 246
5890 205
6355 190
7410 164
9785 123
12669 95
14725 82
29355 41
309 68 79
68
68 24411
79 21012
136 12245
158 10540
204 8137
237 7004
272 6162
316 5304
340 4898
395 4216
408 4108
474 3536
476 3555
544 3081
553 3060
612 2765
632 2652
680 2449
711 2380
748 2291
790 2108
816 2054
869 1972
884 1896
948 1768
952 1817
1020 1659
1027 1632
1088 1580
1106 1564
1156 1501
1185 1428
1264 1360
1292 1343
1343 1292
1360 1264
1428 1185
1501 1156
1564 1106
1580 1088
1632 1027
1659 1020
1768 948
1817 952
1896 884
1972 869
2054 816
2108 790
2291 748
2380 711
2449 680
2652 632
2765 612
3060 553
3081 544
3536 474
3555 476
4108 408
4216 395
4898 340
5304 316
6162 272
7004 237
8137 204
10540 158
12245 136
21012 79
24411 68
297 34 64
68
34 19008
64 10098
68 9536
102 6336
128 5066
136 4800
170 3840
192 3366
204 3200
238 2752
256 2550
272 2432
306 2112
320 2040
340 1920
374 1728
384 1700
408 1600
442 1472
448 1462
476 1408
510 1280
512 1292
544 1216
576 1122
578 1152
612 1088
640 1020
646 1024
680 960
704 918
748 896
768 850
782 832
832 782
850 768
896 748
918 704
960 680
1020 640
1024 646
1088 612
1122 576
1152 578
1216 544
1280 510
1292 512
1408 476
1462 448
1472 442
1600 408
1700 384
1728 374
1920 340
2040 320
2112 306
2432 272
2550 256
2752 238
3200 204
3366 192
3840 170
4800 136
5066 128
6336 102
9536 68
10098 64
19008 34
292 93 38
68
38 27156
76 13578
93 11096
114 9114
152 6789
186 5548
190 5487
228 4557
266 3906
279 3724
304 3441
342 3069
372 2774
380 2790
418 2511
456 2325
465 2242
494 2139
532 1953
558 1862
570 1860
608 1767
646 1674
651 1596
684 1581
722 1488
744 1406
760 1395
798 1302
837 1254
874 1209
930 1140
950 1116
1023 1026
1026 1023
1116 950
1140 930
1209 874
1254 837
1302 798
1395 760
1406 744
1488 722
1581 684
1596 651
1674 646
1767 608
1860 570
1862 558
1953 532
2139 494
2242 465
2325 456
2511 418
2774 372
2790 380
3069 342
3441 304
3724 279
3906 266
4557 228
5487 190
5548 186
6789 152
9114 114
11096 93
13578 76
27156 38
292 49 39
68
39 14308
49 11388
78 7154
98 5694
117 4802
147 3822
156 3577
195 2891
196 2847
234 2401
245 2301
273 2058
294 1911
312 1813
343 1638
351 1617
390 1470
392 1443
429 1323
441 1287
468 1225
490 1170
507 1127
539 1053
546 1029
585 980
588 975
624 931
637 897
663 882
686 819
702 833
735 780
741 784
780 735
784 741
819 686
833 702
882 663
897 637
931 624
975 588
980 585
1029 546
1053 539
1127 507
1170 490
1225 468
1287 441
1323 429
1443 392
1470 390
1617 351
1638 343
1813 312
1911 294
2058 273
2301 245
2401 234
2847 196
2891 195
3577 156
3822 147
4802 117
5694 98
7154 78
11388 49
14308 39
308 91 83
68
83 28028
91 25564
166 14014
182 12782
249 9373
273 8549
332 7007
364 6391
415 5642
455 5146
498 4732
546 4316
581 4004
637 3652
664 3549
728 3237
747 3185
819 2905
830 2821
910 2573
913 2548
996 2366
1001 2324
1079 2184
1092 2158
1162 2002
1183 1992
1245 1911
1274 1826
1328 1820
1365 1743
1411 1729
1456 1660
1547 1577
1577 1547
1660 1456
1729 1411
1743 1365
1820 1328
1826 1274
1911 1245
1992 1183
2002 1162
2158 1092
2184 1079
2324 1001
2366 996
2548 913
2573 910
2821 830
2905 819
3185 747
3237 728
3549 664
3652 637
4004 581
4316 546
4732 498
5146 455
5642 415
6391 364
7007 332
8549 273
9373 249
12782 182
14014 166
25564 91
28028 83
303 44 56
68
44 16968
56 13332
88 8512
112 6688
132 5656
168 4444
176 4256
220 3416
224 3344
264 2856
280 2684
308 2464
336 2244
352 2128
392 1936
396 1904
440 1736
448 1672
484 1568
504 1496
528 1456
560 1364
572 1344
616 1232
616 1232
660 1176
672 1144
704 1064
728 1056
748 1008
784 968
792 952
836 896
840 924
896 836
924 840
952 792
968 784
1008 748
1056 728
1064 704
1144 672
1176 660
1232 616
1232 616
1344 572
1364 560
1456 528
1496 504
1568 484
1672 448
1736 440
1904 396
1936 392
2128 352
2244 336
2464 308
2684 280
2856 264
3344 224
3416 220
4256 176
4444 168
5656 132
6688 112
8512 88
13332 56
16968 44
311 30 47
68
30 14617
47 9330
60 7332
90 4888
94 4680
120 3666
141 3120
150 2961
180 2444
188 2340
210 2115
235 1890
240 1833
270 1645
282 1560
300 1504
329 1350
330 1363
360 1222
376 1170
390 1128
420 1081
423 1050
450 987
470 960
480 940
510 893
517 870
564 780
570 799
600 752
611 720
630 705
658 690
690 658
705 630
720 611
752 600
780 564
799 570
870 517
893 510
940 480
960 470
987 450
1050 423
1081 420
1128 390
1170 376
1222 360
1350 329
1363 330
1504 300
1560 282
1645 270
1833 240
1890 235
2115 210
2340 188
2444 180
2961 150
3120 141
3666 120
4680 94
4888 90
7332 60
9330 47
14617 30
315 34 77
68
34 24255
68 12166
77 10710
102 8085
136 6083
154 5372
170 4851
204 4081
231 3570
238 3465
272 3080
306 2695
308 2686
340 2464
374 2233
385 2142
408 2079
442 1925
462 1802
476 1771
510 1617
539 1530
544 1540
578 1463
616 1360
646 1309
680 1232
693 1190
714 1155
770 1088
782 1078
847 986
850 1001
918 924
924 918
986 847
1001 850
1078 782
1088 770
1155 714
1190 693
1232 680
1309 646
1360 616
1463 578
1530 539
1540 544
1617 510
1771 476
1802 462
1925 442
2079 408
2142 385
2233 374
2464 340
2686 308
2695 306
3080 272
3465 238
3570 231
4081 204
4851 170
5372 154
6083 136
8085 102
10710 77
12166 68
24255 34
292 71 98
68
71 28616
98 20732
142 14308
196 10366
213 9604
284 7154
294 6958
355 5782
392 5183
426 4802
490 4189
497 4116
568 3626
588 3479
639 3234
686 2982
710 2940
781 2646
784 2627
852 2450
882 2343
923 2254
980 2130
994 2058
1065 1960
1078 1917
1136 1862
1176 1775
1207 1764
1274 1633
1278 1666
1349 1568
1372 1491
1420 1470
1470 1420
1491 1372
1568 1349
1633 1274
1666 1278
1764 1207
1775 1176
1862 1136
1917 1078
1960 1065
2058 994
2130 980
2254 923
2343 882
2450 852
2627 784
2646 781
2940 710
2982 686
3234 639
3479 588
3626 568
4116 497
4189 490
4802 426
5183 392
5782 355
6958 294
7154 284
9604 213
10366 196
14308 142
20732 98
28616 71
295 83 89
68
83 26255
89 24485
166 13172
178 12284
249 8811
267 8217
332 6586
356 6142
415 5251
445 4897
498 4450
534 4150
581 3827
623 3569
664 3293
712 3071
747 2937
801 2739
830 2670
890 2490
913 2403
979 2241
996 2225
1068 2075
1079 2047
1157 1909
1162 1958
1245 1780
1246 1826
1328 1691
1335 1660
1411 1602
1424 1577
1494 1513
1513 1494
1577 1424
1602 1411
1660 1335
1691 1328
1780 1245
1826 1246
1909 1157
1958 1162
2047 1079
2075 1068
2225 996
2241 979
2403 913
2490 890
2670 830
2739 801
2937 747
3071 712
3293 664
3569 623
3827 581
4150 534
4450 498
4897 445
5251 415
6142 356
6586 332
8217 267
8811 249
12284 178
13172 166
24485 89
26255 83
304 70 35
68
35 21280
70 10640
70 10640
105 7140
140 5320
140 5320
175 4270
210 3570
210 3570
245 3080
280 2660
280 2660
315 2380
350 2135
350 2170
385 1960
420 1785
420 1820
455 1680
490 1540
490 1540
525 1470
560 1330
560 1330
595 1260
630 1190
630 1190
665 1120
700 1085
735 1050
770 980
770 980
840 910
840 910
910 840
910 840
980 770
980 770
1050 735
1085 700
1120 665
1190 630
1190 630
1260 595
1330 560
1330 560
1470 525
1540 490
1540 490
1680 455
1785 420
1820 420
1960 385
2135 350
2170 350
2380 315
2660 280
2660 280
3080 245
3570 210
3570 210
4270 175
5320 140
5320 140
7140 105
10640 70
10640 70
21280 35
311 74 40
68
40 23014
74 12440
80 11544
120 7696
148 6240
160 5772
200 4662
222 4160
240 3848
280 3330
296 3120
320 2886
360 2590
370 2520
400 2368
440 2146
444 2080
480 1924
518 1800
520 1776
560 1702
592 1560
600 1554
640 1480
666 1400
680 1406
740 1280
760 1258
800 1184
814 1160
840 1110
888 1040
920 1036
960 962
962 960
1036 920
1040 888
1110 840
1160 814
1184 800
1258 760
1280 740
1400 666
1406 680
1480 640
1554 600
1560 592
1702 560
1776 520
1800 518
1924 480
2080 444
2146 440
2368 400
2520 370
2590 360
2886 320
3120 296
3330 280
3848 240
4160 222
4662 200
5772 160
6240 148
7696 120
11544 80
12440 74
23014 40
