50 6015 6047 84
328 32 81
72
32 26568
64 13284
81 10496
96 8910
128 6642
160 5346
162 5248
192 4455
224 3807
243 3520
256 3321
288 2997
320 2673
324 2624
352 2430
384 2268
405 2112
416 2106
448 1944
480 1782
486 1760
512 1701
544 1620
567 1504
576 1539
608 1458
640 1377
648 1312
672 1296
704 1215
729 1184
768 1134
810 1056
832 1053
891 960
896 972
960 891
972 896
1053 832
1056 810
1134 768
1184 729
1215 704
1296 672
1312 648
1377 640
1458 608
1504 567
1539 576
1620 544
1701 512
1760 486
1782 480
1944 448
2106 416
2112 405
2268 384
2430 352
2624 324
2673 320
2997 288
3321 256
3520 243
3807 224
4455 192
5248 162
5346 160
6642 128
8910 96
10496 81
13284 64
26568 32
333 52 64
72
52 21312
64 17316
104 10688
128 8684
156 7104
192 5772
208 5376
256 4368
260 4288
312 3584
320 3484
364 3072
384 2912
416 2688
448 2496
468 2368
512 2184
520 2176
572 1984
576 1924
624 1792
640 1768
676 1664
704 1612
728 1536
768 1456
780 1472
832 1344
832 1352
884 1280
896 1248
936 1216
960 1196
988 1152
1024 1092
1040 1088
1088 1040
1092 1024
1152 988
1196 960
1216 936
1248 896
1280 884
1344 832
1352 832
1456 768
1472 780
1536 728
1612 704
1664 676
1768 640
1792 624
1924 576
1984 572
2176 520
2184 512
2368 468
2496 448
2688 416
2912 384
3072 364
3484 320
3584 312
4288 260
4368 256
5376 208
5772 192
7104 156
8684 128
10688 104
17316 64
21312 52
345 98 48
72
48 33810
96 16954
98 16560
144 11270
192 8526
196 8304
240 6762
288 5684
294 5520
336 4900
384 4312
392 4176
432 3822
480 3430
490 3312
528 3136
576 2842
588 2784
624 2646
672 2450
686 2400
720 2254
768 2156
784 2112
816 2058
864 1960
882 1872
960 1764
980 1680
1008 1666
1056 1568
1078 1536
1104 1470
1176 1392
1200 1372
1274 1296
1296 1274
1372 1200
1392 1176
1470 1104
1536 1078
1568 1056
1666 1008
1680 980
1764 960
1872 882
1960 864
2058 816
2112 784
2156 768
2254 720
2400 686
2450 672
2646 624
2784 588
2842 576
3136 528
3312 490
3430 480
3822 432
4176 392
4312 384
4900 336
5520 294
5684 288
6762 240
8304 196
8526 192
11270 144
16560 98
16954 96
33810 48
347 64 44
72
44 22208
64 15268
88 11136
128 7656
132 7424
176 5568
192 5104
220 4480
256 3828
264 3712
308 3200
320 3080
352 2816
384 2552
396 2496
440 2240
448 2200
484 2048
512 1936
528 1856
572 1728
576 1716
616 1600
640 1540
660 1536
704 1408
704 1408
748 1344
768 1276
792 1280
832 1188
880 1152
896 1100
924 1088
960 1056
968 1024
1024 968
1056 960
1088 924
1100 896
1152 880
1188 832
1276 768
1280 792
1344 748
1408 704
1408 704
1536 660
1540 640
1600 616
1716 576
1728 572
1856 528
1936 512
2048 484
2200 448
2240 440
2496 396
2552 384
2816 352
3080 320
3200 308
3712 264
3828 256
4480 220
5104 192
5568 176
7424 132
7656 128
11136 88
15268 64
22208 44
346 67 98
72
67 33908
98 23182
134 16954
196 11591
201 11368
268 8526
294 7772
335 6860
392 5829
402 5684
469 4900
490 4690
536 4312
588 3886
603 3822
670 3430
686 3350
737 3136
784 2948
804 2842
871 2646
882 2613
938 2450
980 2345
1005 2352
1072 2156
1078 2144
1139 2058
1176 1943
1206 1960
1274 1809
1340 1764
1372 1675
1407 1666
1470 1608
1474 1568
1568 1474
1608 1470
1666 1407
1675 1372
1764 1340
1809 1274
1943 1176
1960 1206
2058 1139
2144 1078
2156 1072
2345 980
2352 1005
2450 938
2613 882
2646 871
2842 804
2948 784
3136 737
3350 686
3430 670
3822 603
3886 588
4312 536
4690 490
4900 469
5684 402
5829 392
6860 335
7772 294
8526 268
11368 201
11591 196
16954 134
23182 98
33908 67
327 55 68
72
55 22236
68 17985
110 11152
136 9020
165 7412
204 5995
220 5576
272 4510
275 4488
330 3740
340 3630
385 3196
408 3025
440 2788
476 2585
495 2516
544 2255
550 2244
605 2040
612 2035
660 1904
680 1815
715 1768
748 1650
770 1632
816 1540
825 1496
880 1428
884 1430
935 1360
952 1320
990 1292
1020 1210
1045 1224
1088 1155
1100 1156
1155 1088
1156 1100
1210 1020
1224 1045
1292 990
1320 952
1360 935
1428 880
1430 884
1496 825
1540 816
1632 770
1650 748
1768 715
1815 680
1904 660
2035 612
2040 605
2244 550
2255 544
2516 495
2585 476
2788 440
3025 408
3196 385
3630 340
3740 330
4488 275
4510 272
5576 220
5995 204
7412 165
9020 136
11152 110
17985 68
22236 55
323 88 76
68
76 28424
88 24548
152 14256
176 12312
228 9504
264 8208
304 7128
352 6156
380 5720
440 4940
456 4752
528 4104
532 4136
608 3608
616 3572
684 3168
704 3116
760 2904
792 2736
836 2640
880 2508
912 2376
968 2280
988 2200
1056 2052
1064 2112
1140 1936
1144 1900
1216 1848
1232 1824
1292 1672
1320 1672
1408 1596
1444 1496
1496 1444
1596 1408
1672 1292
1672 1320
1824 1232
1848 1216
1900 1144
1936 1140
2052 1056
2112 1064
2200 988
2280 968
2376 912
2508 880
2640 836
2736 792
2904 760
3116 704
3168 684
3572 616
3608 608
4104 528
4136 532
4752 456
4940 440
5720 380
6156 352
7128 304
8208 264
9504 228
12312 176
14256 152
24548 88
28424 76
338 31 73
72
31 24674
62 12337
73 10478
93 8249
124 6205
146 5239
155 4964
186 4161
217 3577
219 3503
248 3139
279 2774
292 2635
310 2482
341 2263
365 2108
372 2117
403 1898
434 1825
438 1767
465 1679
496 1606
511 1519
527 1460
558 1387
584 1333
589 1314
620 1241
657 1178
682 1168
713 1095
730 1054
775 1022
803 961
806 949
876 899
899 876
949 806
961 803
1022 775
1054 730
1095 713
1168 682
1178 657
1241 620
1314 589
1333 584
1387 558
1460 527
1519 511
1606 496
1679 465
1767 438
1825 434
1898 403
2108 365
2117 372
2263 341
2482 310
2635 292
2774 279
3139 248
3503 219
3577 217
4161 186
4964 155
5239 146
6205 124
8249 93
10478 73
12337 62
24674 31
332 55 44
72
44 18260
55 14608
88 9130
110 7304
132 6105
165 4884
176 4565
220 3652
220 3685
264 3080
275 2948
308 2640
330 2464
352 2310
385 2112
396 2035
440 1848
440 1870
484 1705
495 1628
528 1540
550 1496
572 1430
605 1364
616 1320
660 1232
660 1265
704 1155
715 1144
748 1100
770 1056
792 1045
825 1012
836 990
880 924
880 935
924 880
935 880
990 836
1012 825
1045 792
1056 770
1100 748
1144 715
1155 704
1232 660
1265 660
1320 616
1364 605
1430 572
1496 550
1540 528
1628 495
1705 484
1848 440
1870 440
2035 396
2112 385
2310 352
2464 330
2640 308
2948 275
3080 264
3652 220
3685 220
4565 176
4884 165
6105 132
7304 110
9130 88
14608 55
18260 44
326 88 32
72
32 28688
64 14344
88 10432
96 9592
128 7216
160 5808
176 5216
192 4840
224 4136
256 3608
264 3488
288 3256
320 2904
352 2624
352 2640
384 2464
416 2288
440 2112
448 2112
480 1936
512 1848
528 1760
544 1760
576 1672
608 1584
616 1504
640 1496
672 1408
704 1312
704 1320
768 1232
792 1184
832 1144
880 1056
896 1056
960 968
968 960
1056 880
1056 896
1144 832
1184 792
1232 768
1312 704
1320 704
1408 672
1496 640
1504 616
1584 608
1672 576
1760 528
1760 544
1848 512
1936 480
2112 440
2112 448
2288 416
2464 384
2624 352
2640 352
2904 320
3256 288
3488 264
3608 256
4136 224
4840 192
5216 176
5808 160
7216 128
9592 96
10432 88
14344 64
28688 32
336 59 75
72
59 25200
75 19824
118 12600
150 9912
177 8400
225 6608
236 6300
295 5100
300 4956
354 4200
375 4012
413 3600
450 3304
472 3150
525 2832
531 2850
590 2550
600 2478
649 2325
675 2242
708 2100
750 2006
767 1950
825 1829
826 1800
885 1725
900 1652
944 1575
975 1534
1003 1500
1050 1416
1062 1425
1121 1350
1125 1357
1180 1275
1200 1239
1239 1200
1275 1180
1350 1121
1357 1125
1416 1050
1425 1062
1500 1003
1534 975
1575 944
1652 900
1725 885
1800 826
1829 825
1950 767
2006 750
2100 708
2242 675
2325 649
2478 600
2550 590
2832 525
2850 531
3150 472
3304 450
3600 413
4012 375
4200 354
4956 300
5100 295
6300 236
6608 225
8400 177
9912 150
12600 118
19824 75
25200 59
341 56 35
72
35 19096
56 11935
70 9576
105 6384
112 5985
140 4816
168 3990
175 3864
210 3192
224 3010
245 2744
280 2408
280 2415
315 2128
336 1995
350 1960
385 1736
392 1715
420 1624
448 1505
455 1512
490 1400
504 1330
525 1288
560 1225
560 1232
595 1176
616 1085
630 1064
665 1008
672 1015
728 945
735 952
770 896
784 875
805 840
840 805
875 784
896 770
945 728
952 735
1008 665
1015 672
1064 630
1085 616
1176 595
1225 560
1232 560
1288 525
1330 504
1400 490
1505 448
1512 455
1624 420
1715 392
1736 385
1960 350
1995 336
2128 315
2408 280
2415 280
2744 245
3010 224
3192 210
3864 175
3990 168
4816 140
5985 112
6384 105
9576 70
11935 56
19096 35
338 94 79
72
79 31772
94 26702
158 15886
188 13351
237 10622
282 8927
316 7990
376 6715
395 6392
470 5372
474 5358
553 4606
564 4503
632 4042
658 3871
711 3572
752 3397
790 3196
846 3002
869 2914
940 2686
948 2726
1027 2444
1034 2449
1106 2350
1128 2291
1185 2162
1222 2054
1264 2068
1316 1975
1343 1880
1410 1817
1422 1786
1501 1692
1504 1738
1580 1598
1598 1580
1692 1501
1738 1504
1786 1422
1817 1410
1880 1343
1975 1316
2054 1222
2068 1264
2162 1185
2291 1128
2350 1106
2444 1027
2449 1034
2686 940
2726 948
2914 869
3002 846
3196 790
3397 752
3572 711
3871 658
4042 632
4503 564
4606 553
5358 474
5372 470
6392 395
6715 376
7990 316
8927 282
10622 237
13351 188
15886 158
26702 94
31772 79
332 78 36
72
36 25896
72 12948
78 11952
108 8658
144 6474
156 5976
180 5226
216 4368
234 3996
252 3744
288 3276
312 2988
324 2886
360 2652
390 2412
396 2418
432 2184
468 2016
468 2028
504 1872
540 1794
546 1728
576 1638
612 1560
624 1512
648 1482
684 1404
702 1332
720 1326
756 1248
780 1224
828 1170
858 1116
864 1092
936 1008
936 1014
1008 936
1014 936
1092 864
1116 858
1170 828
1224 780
1248 756
1326 720
1332 702
1404 684
1482 648
1512 624
1560 612
1638 576
1728 546
1794 540
1872 504
2016 468
2028 468
2184 432
2412 390
2418 396
2652 360
2886 324
2988 312
3276 288
3744 252
3996 234
4368 216
5226 180
5976 156
6474 144
8658 108
11952 78
12948 72
25896 36
349 45 81
72
45 28269
81 15705
90 14175
135 9477
162 7875
180 7128
225 5670
243 5265
270 4779
315 4050
324 3960
360 3564
405 3150
405 3159
450 2835
486 2655
495 2592
540 2430
567 2250
585 2187
630 2025
648 1980
675 1944
720 1782
729 1755
765 1701
810 1575
810 1620
891 1440
900 1458
945 1377
972 1350
990 1296
1053 1215
1080 1215
1125 1134
1134 1125
1215 1053
1215 1080
1296 990
1350 972
1377 945
1440 891
1458 900
1575 810
1620 810
1701 765
1755 729
1782 720
1944 675
1980 648
2025 630
2187 585
2250 567
2430 540
2592 495
2655 486
2835 450
3150 405
3159 405
3564 360
3960 324
4050 315
4779 270
5265 243
5670 225
7128 180
7875 162
9477 135
14175 90
15705 81
28269 45
329 73 64
72
64 24017
73 21056
128 12045
146 10560
192 8030
219 7040
256 6059
292 5312
320 4818
365 4224
384 4015
438 3520
448 3431
511 3008
512 3066
576 2701
584 2688
640 2409
657 2368
704 2190
730 2112
768 2044
803 1920
832 1898
876 1792
896 1752
949 1664
960 1606
1022 1536
1024 1533
1088 1460
1095 1408
1152 1387
1168 1344
1216 1314
1241 1280
1280 1241
1314 1216
1344 1168
1387 1152
1408 1095
1460 1088
1533 1024
1536 1022
1606 960
1664 949
1752 896
1792 876
1898 832
1920 803
2044 768
2112 730
2190 704
2368 657
2409 640
2688 584
2701 576
3008 511
3066 512
3431 448
3520 438
4015 384
4224 365
4818 320
5312 292
6059 256
7040 219
8030 192
10560 146
12045 128
21056 73
24017 64
321 96 99
68
96 31779
99 30816
192 15939
198 15456
288 10593
297 10272
384 8019
396 7776
480 6435
495 6240
576 5346
594 5184
672 4554
693 4416
768 4059
792 3936
864 3564
891 3456
960 3267
990 3168
1056 2970
1089 2880
1152 2673
1188 2592
1248 2475
1287 2400
1344 2277
1386 2208
1440 2178
1485 2112
1536 2079
1584 2016
1632 1881
1683 1824
1824 1683
1881 1632
2016 1584
2079 1536
2112 1485
2178 1440
2208 1386
2277 1344
2400 1287
2475 1248
2592 1188
2673 1152
2880 1089
2970 1056
3168 990
3267 960
3456 891
3564 864
3936 792
4059 768
4416 693
4554 672
5184 594
5346 576
6240 495
6435 480
7776 396
8019 384
10272 297
10593 288
15456 198
15939 192
30816 99
31779 96
337 86 64
72
64 28982
86 21568
128 14534
172 10816
192 9718
256 7310
258 7232
320 5848
344 5440
384 4902
430 4352
448 4214
512 3698
516 3648
576 3268
602 3136
640 2924
688 2752
704 2666
768 2494
774 2432
832 2236
860 2176
896 2150
946 1984
960 1978
1024 1892
1032 1856
1088 1720
1118 1664
1152 1634
1204 1600
1216 1548
1280 1462
1290 1472
1376 1408
1408 1376
1462 1280
1472 1290
1548 1216
1600 1204
1634 1152
1664 1118
1720 1088
1856 1032
1892 1024
1978 960
1984 946
2150 896
2176 860
2236 832
2432 774
2494 768
2666 704
2752 688
2924 640
3136 602
3268 576
3648 516
3698 512
4214 448
4352 430
4902 384
5440 344
5848 320
7232 258
7310 256
9718 192
10816 172
14534 128
21568 86
28982 64
341 36 60
72
36 20460
60 12276
72 10260
108 6840
120 6156
144 5160
180 4104
180 4140
216 3420
240 3096
252 2940
288 2580
300 2484
324 2280
360 2052
360 2100
396 1860
420 1764
432 1740
468 1620
480 1548
504 1500
540 1368
540 1380
576 1320
600 1260
612 1260
648 1140
660 1116
684 1080
720 1044
756 1020
780 972
792 960
828 900
840 900
900 828
900 840
960 792
972 780
1020 756
1044 720
1080 684
1116 660
1140 648
1260 600
1260 612
1320 576
1368 540
1380 540
1500 504
1548 480
1620 468
1740 432
1764 420
1860 396
2052 360
2100 360
2280 324
2484 300
2580 288
2940 252
3096 240
3420 216
4104 180
4140 180
5160 144
6156 120
6840 108
10260 72
12276 60
20460 36
342 41 73
72
41 24966
73 14022
82 12483
123 8322
146 7011
164 6278
205 5037
219 4674
246 4161
287 3577
292 3526
328 3139
365 2829
369 2774
410 2555
438 2337
451 2336
492 2117
511 2009
533 1971
574 1825
584 1763
615 1679
656 1606
657 1558
697 1533
730 1435
738 1387
779 1314
803 1312
861 1241
876 1189
902 1168
943 1095
949 1107
1022 1025
1025 1022
1095 943
1107 949
1168 902
1189 876
1241 861
1312 803
1314 779
1387 738
1435 730
1533 697
1558 657
1606 656
1679 615
1763 584
1825 574
1971 533
2009 511
2117 492
2336 451
2337 438
2555 410
2774 369
2829 365
3139 328
3526 292
3577 287
4161 246
4674 219
5037 205
6278 164
7011 146
8322 123
12483 82
14022 73
24966 41
336 39 56
72
39 18816
56 13104
78 9408
112 6552
117 6272
156 4704
168 4368
195 3808
224 3276
234 3136
273 2688
280 2652
312 2352
336 2184
351 2128
390 1904
392 1872
429 1736
448 1638
468 1568
504 1482
507 1456
546 1344
560 1326
585 1288
616 1209
624 1176
663 1120
672 1092
702 1064
728 1014
741 1008
780 952
784 936
819 896
840 897
896 819
897 840
936 784
952 780
1008 741
1014 728
1064 702
1092 672
1120 663
1176 624
1209 616
1288 585
1326 560
1344 546
1456 507
1482 504
1568 468
1638 448
1736 429
1872 392
1904 390
2128 351
2184 336
2352 312
2652 280
2688 273
3136 234
3276 224
3808 195
4368 168
4704 156
6272 117
6552 112
9408 78
13104 56
18816 39
324 52 71
72
52 23004
71 16848
104 11502
142 8424
156 7668
208 5751
213 5616
260 4615
284 4212
312 3834
355 3380
364 3337
416 2911
426 2808
468 2556
497 2444
520 2343
568 2132
572 2130
624 1917
639 1872
676 1775
710 1716
728 1704
780 1562
781 1560
832 1491
852 1404
884 1420
923 1300
936 1278
936 1278
994 1248
1040 1207
1065 1144
1092 1136
1136 1092
1144 1065
1207 1040
1248 994
1278 936
1278 936
1300 923
1404 852
1420 884
1491 832
1560 781
1562 780
1704 728
1716 710
1775 676
1872 639
1917 624
2130 572
2132 568
2343 520
2444 497
2556 468
2808 426
2911 416
3337 364
3380 355
3834 312
4212 284
4615 260
5616 213
5751 208
7668 156
8424 142
11502 104
16848 71
23004 52
332 56 48
72
48 18592
56 15936
96 9296
112 7968
144 6216
168 5328
192 4648
224 3984
240 3752
280 3216
288 3136
336 2688
336 2688
384 2352
392 2304
432 2072
448 2016
480 1904
504 1776
528 1736
560 1632
576 1568
616 1488
624 1456
672 1344
672 1344
720 1288
728 1248
768 1176
784 1152
816 1120
840 1104
864 1064
896 1008
912 1008
952 960
960 952
1008 896
1008 912
1064 864
1104 840
1120 816
1152 784
1176 768
1248 728
1288 720
1344 672
1344 672
1456 624
1488 616
1568 576
1632 560
1736 528
1776 504
1904 480
2016 448
2072 432
2304 392
2352 384
2688 336
2688 336
3136 288
3216 280
3752 240
3984 224
4648 192
5328 168
6216 144
7968 112
9296 96
15936 56
18592 48
328 82 76
72
76 26896
82 24928
152 13448
164 12464
228 9020
246 8360
304 6724
328 6232
380 5412
410 5016
456 4510
492 4180
532 3854
574 3572
608 3362
656 3116
684 3034
738 2812
760 2706
820 2508
836 2460
902 2280
912 2296
984 2128
988 2132
1064 1968
1066 1976
1140 1804
1148 1824
1216 1722
1230 1672
1292 1640
1312 1596
1368 1558
1394 1520
1444 1476
1476 1444
1520 1394
1558 1368
1596 1312
1640 1292
1672 1230
1722 1216
1804 1140
1824 1148
1968 1064
1976 1066
2128 984
2132 988
2280 902
2296 912
2460 836
2508 820
2706 760
2812 738
3034 684
3116 656
3362 608
3572 574
3854 532
4180 492
4510 456
5016 410
5412 380
6232 328
6724 304
8360 246
9020 228
12464 164
13448 152
24928 82
26896 76
337 48 78
72
48 26286
78 16176
96 13182
144 8814
156 8112
192 6630
234 5424
240 5304
288 4446
312 4080
336 3822
384 3354
390 3264
432 2964
468 2736
480 2652
528 2418
546 2352
576 2262
624 2028
624 2064
672 1950
702 1824
720 1794
768 1716
780 1632
816 1560
858 1488
864 1482
912 1404
936 1392
960 1326
1014 1248
1056 1248
1092 1200
1104 1170
1170 1104
1200 1092
1248 1014
1248 1056
1326 960
1392 936
1404 912
1482 864
1488 858
1560 816
1632 780
1716 768
1794 720
1824 702
1950 672
2028 624
2064 624
2262 576
2352 546
2418 528
2652 480
2736 468
2964 432
3264 390
3354 384
3822 336
4080 312
4446 288
5304 240
5424 234
6630 192
8112 156
8814 144
13182 96
16176 78
26286 48
325 71 38
72
38 23075
71 12350
76 11573
114 7739
142 6194
152 5822
190 4615
213 4142
228 3905
266 3337
284 3116
304 2911
342 2627
355 2470
380 2343
418 2130
426 2090
456 1988
494 1775
497 1786
532 1704
568 1558
570 1562
608 1491
639 1406
646 1420
684 1349
710 1254
722 1278
760 1207
781 1140
798 1136
836 1065
852 1064
912 994
923 950
950 923
994 912
1064 852
1065 836
1136 798
1140 781
1207 760
1254 710
1278 722
1349 684
1406 639
1420 646
1491 608
1558 568
1562 570
1704 532
1775 494
1786 497
1988 456
2090 426
2130 418
2343 380
2470 355
2627 342
2911 304
3116 284
3337 266
3905 228
4142 213
4615 190
5822 152
6194 142
7739 114
11573 76
12350 71
23075 38
334 73 97
72
73 32398
97 24382
146 16199
194 12191
219 10864
291 8176
292 8148
365 6499
388 6132
438 5432
485 4891
511 4656
582 4088
584 4074
657 3686
679 3504
730 3298
776 3066
803 3007
873 2774
876 2716
949 2522
970 2482
1022 2328
1067 2263
1095 2231
1164 2044
1168 2037
1241 1940
1261 1898
1314 1843
1358 1752
1387 1746
1455 1679
1460 1649
1533 1552
1552 1533
1649 1460
1679 1455
1746 1387
1752 1358
1843 1314
1898 1261
1940 1241
2037 1168
2044 1164
2231 1095
2263 1067
2328 1022
2482 970
2522 949
2716 876
2774 873
3007 803
3066 776
3298 730
3504 679
3686 657
4074 584
4088 582
4656 511
4891 485
5432 438
6132 388
6499 365
8148 292
8176 291
10864 219
12191 194
16199 146
24382 97
32398 73
344 99 37
72
37 34056
74 17028
99 12728
111 11385
148 8514
185 6831
198 6364
222 5742
259 4950
296 4257
297 4255
333 3861
370 3465
396 3182
407 3168
444 2871
481 2673
495 2553
518 2475
555 2277
592 2178
594 2146
629 2079
666 1980
693 1850
740 1782
777 1683
792 1591
814 1584
851 1485
891 1443
925 1386
990 1295
999 1287
1073 1188
1089 1184
1184 1089
1188 1073
1287 999
1295 990
1386 925
1443 891
1485 851
1584 814
1591 792
1683 777
1782 740
1850 693
1980 666
2079 629
2146 594
2178 592
2277 555
2475 518
2553 495
2673 481
2871 444
3168 407
3182 396
3465 370
3861 333
4255 297
4257 296
4950 259
5742 222
6364 198
6831 185
8514 148
11385 111
12728 99
17028 74
34056 37
339 82 58
72
58 27798
82 19662
116 13940
164 9860
174 9266
232 6970
246 6554
290 5576
328 4930
348 4674
406 4018
410 3944
464 3526
492 3306
522 3116
574 2842
580 2788
638 2542
656 2494
696 2378
738 2204
754 2214
812 2050
820 1972
870 1886
902 1798
928 1804
984 1682
986 1640
1044 1558
1066 1566
1102 1476
1148 1450
1160 1394
1230 1334
1276 1312
1312 1276
1334 1230
1394 1160
1450 1148
1476 1102
1558 1044
1566 1066
1640 986
1682 984
1798 902
1804 928
1886 870
1972 820
2050 812
2204 738
2214 754
2378 696
2494 656
2542 638
2788 580
2842 574
3116 522
3306 492
3526 464
3944 410
4018 406
4674 348
4930 328
5576 290
6554 246
6970 232
9266 174
9860 164
13940 116
19662 82
27798 58
329 77 53
72
53 25333
77 17437
106 12705
154 8745
159 8470
212 6391
231 5830
265 5082
308 4399
318 4235
371 3619
385 3498
424 3234
462 2915
477 2849
530 2541
539 2491
583 2310
616 2226
636 2156
689 2002
693 1961
742 1848
770 1749
795 1694
847 1590
848 1617
901 1540
924 1484
954 1463
1001 1378
1007 1386
1060 1309
1078 1272
1113 1232
1155 1166
1166 1155
1232 1113
1272 1078
1309 1060
1378 1001
1386 1007
1463 954
1484 924
1540 901
1590 847
1617 848
1694 795
1749 770
1848 742
1961 693
2002 689
2156 636
2226 616
2310 583
2491 539
2541 530
2849 477
2915 462
3234 424
3498 385
3619 371
4235 318
4399 308
5082 265
5830 231
6391 212
8470 159
8745 154
12705 106
17437 77
25333 53
344 47 30
72
30 16168
47 10320
60 8084
90 5405
94 5160
120 4042
141 3450
150 3243
180 2726
188 2580
210 2350
235 2070
240 2021
270 1833
282 1740
300 1645
329 1500
330 1504
360 1363
376 1290
390 1269
420 1175
423 1170
450 1081
470 1050
480 1034
510 987
517 960
540 940
564 870
600 846
611 810
630 799
658 750
660 752
690 705
705 690
750 658
752 660
799 630
810 611
846 600
870 564
940 540
960 517
987 510
1034 480
1050 470
1081 450
1170 423
1175 420
1269 390
1290 376
1363 360
1500 329
1504 330
1645 300
1740 282
1833 270
2021 240
2070 235
2350 210
2580 188
2726 180
3243 150
3450 141
4042 120
5160 94
5405 90
8084 60
10320 47
16168 30
339 63 43
72
43 21357
63 14577
86 10710
126 7310
129 7119
172 5355
189 4859
215 4284
252 3655
258 3591
301 3087
315 2924
344 2709
378 2451
387 2394
430 2142
441 2107
473 1953
504 1849
516 1827
559 1701
567 1634
602 1575
630 1462
645 1449
688 1386
693 1333
731 1260
756 1247
774 1197
817 1134
819 1161
860 1071
882 1075
945 989
946 1008
989 945
1008 946
1071 860
1075 882
1134 817
1161 819
1197 774
1247 756
1260 731
1333 693
1386 688
1449 645
1462 630
1575 602
1634 567
1701 559
1827 516
1849 504
1953 473
2107 441
2142 430
2394 387
2451 378
2709 344
2924 315
3087 301
3591 258
3655 252
4284 215
4859 189
5355 172
7119 129
7310 126
10710 86
14577 63
21357 43
345 63 61
72
61 21735
63 21045
122 10899
126 10553
183 7245
189 7015
244 5481
252 5307
305 4347
315 4209
366 3654
378 3538
427 3150
441 3050
488 2772
504 2684
549 2457
567 2379
610 2205
630 2135
671 2016
693 1952
732 1827
756 1769
793 1701
819 1647
854 1575
882 1525
915 1449
945 1403
976 1386
1008 1342
1037 1323
1071 1281
1098 1260
1134 1220
1220 1134
1260 1098
1281 1071
1323 1037
1342 1008
1386 976
1403 945
1449 915
1525 882
1575 854
1647 819
1701 793
1769 756
1827 732
1952 693
2016 671
2135 630
2205 610
2379 567
2457 549
2684 504
2772 488
3050 441
3150 427
3538 378
3654 366
4209 315
4347 305
5307 252
5481 244
7015 189
7245 183
10553 126
10899 122
21045 63
21735 61
338 97 77
72
77 32786
97 26026
154 16393
194 13013
231 10961
291 8701
308 8245
385 6596
388 6545
462 5529
485 5236
539 4753
582 4389
616 4171
679 3773
693 3686
770 3298
776 3311
847 3007
873 2926
924 2813
970 2618
1001 2522
1067 2387
1078 2425
1155 2231
1164 2233
1232 2134
1261 2002
1309 1940
1358 1925
1386 1843
1455 1771
1463 1746
1540 1649
1552 1694
1649 1540
1694 1552
1746 1463
1771 1455
1843 1386
1925 1358
1940 1309
2002 1261
2134 1232
2231 1155
2233 1164
2387 1067
2425 1078
2522 1001
2618 970
2813 924
2926 873
3007 847
3298 770
3311 776
3686 693
3773 679
4171 616
4389 582
4753 539
5236 485
5529 462
6545 388
6596 385
8245 308
8701 291
10961 231
13013 194
16393 154
26026 97
32786 77
340 64 72
72
64 24480
72 21760
128 12240
144 10880
192 8208
216 7296
256 6120
288 5440
320 4896
360 4352
384 4104
432 3648
448 3528
504 3136
512 3096
576 2736
576 2752
640 2448
648 2432
704 2232
720 2176
768 2088
792 1984
832 1944
864 1856
896 1800
936 1728
960 1656
1008 1600
1024 1584
1080 1472
1088 1440
1152 1368
1152 1408
1216 1296
1224 1280
1280 1224
1296 1216
1368 1152
1408 1152
1440 1088
1472 1080
1584 1024
1600 1008
1656 960
1728 936
1800 896
1856 864
1944 832
1984 792
2088 768
2176 720
2232 704
2432 648
2448 640
2736 576
2752 576
3096 512
3136 504
3528 448
3648 432
4104 384
4352 360
4896 320
5440 288
6120 256
7296 216
8208 192
10880 144
12240 128
21760 72
24480 64
335 61 75
72
61 25125
75 20435
122 12600
150 10248
183 8400
225 6832
244 6300
300 5124
305 5025
366 4200
375 4087
427 3600
450 3416
488 3150
525 2928
549 2850
600 2562
610 2550
671 2325
675 2318
732 2100
750 2074
793 1950
825 1891
854 1800
900 1708
915 1725
975 1586
976 1575
1037 1500
1050 1464
1098 1425
1125 1403
1159 1350
1200 1281
1220 1275
1275 1220
1281 1200
1350 1159
1403 1125
1425 1098
1464 1050
1500 1037
1575 976
1586 975
1708 900
1725 915
1800 854
1891 825
1950 793
2074 750
2100 732
2318 675
2325 671
2550 610
2562 600
2850 549
2928 525
3150 488
3416 450
3600 427
4087 375
4200 366
5025 305
5124 300
6300 244
6832 225
8400 183
10248 150
12600 122
20435 75
25125 61
338 61 58
72
58 20618
61 19604
116 10309
122 9802
174 6893
183 6554
232 5185
244 4930
290 4148
305 3944
348 3477
366 3306
406 2989
427 2842
464 2623
488 2494
522 2318
549 2204
580 2074
610 1972
638 1891
671 1798
696 1769
732 1682
754 1586
793 1508
812 1525
854 1450
870 1403
915 1334
928 1342
976 1276
986 1220
1037 1160
1044 1159
1098 1102
1102 1098
1159 1044
1160 1037
1220 986
1276 976
1334 915
1342 928
1403 870
1450 854
1508 793
1525 812
1586 754
1682 732
1769 696
1798 671
1891 638
1972 610
2074 580
2204 549
2318 522
2494 488
2623 464
2842 427
2989 406
3306 366
3477 348
3944 305
4148 290
4930 244
5185 232
6554 183
6893 174
9802 122
10309 116
19604 61
20618 58
325 84 89
72
84 28925
89 27300
168 14507
178 13692
252 9701
267 9156
336 7298
356 6888
420 5785
445 5460
504 4895
534 4620
588 4183
623 3948
672 3649
712 3444
756 3293
801 3108
840 2937
890 2772
924 2670
979 2520
1008 2492
1068 2352
1092 2225
1157 2100
1176 2136
1246 2016
1260 1958
1335 1848
1344 1869
1424 1764
1428 1780
1512 1691
1513 1680
1596 1602
1602 1596
1680 1513
1691 1512
1764 1424
1780 1428
1848 1335
1869 1344
1958 1260
2016 1246
2100 1157
2136 1176
2225 1092
2352 1068
2492 1008
2520 979
2670 924
2772 890
2937 840
3108 801
3293 756
3444 712
3649 672
3948 623
4183 588
4620 534
4895 504
5460 445
5785 420
6888 356
7298 336
9156 267
9701 252
13692 178
14507 168
27300 89
28925 84
325 97 75
72
75 31525
97 24375
150 15811
194 12225
225 10573
291 8175
300 7954
375 6305
388 6150
450 5335
485 4875
525 4559
582 4125
600 3977
675 3589
679 3525
750 3201
776 3075
825 2910
873 2775
900 2716
970 2475
975 2425
1050 2328
1067 2250
1125 2134
1164 2100
1200 2037
1261 1875
1275 1940
1350 1843
1358 1800
1425 1746
1455 1650
1500 1649
1552 1575
1575 1552
1649 1500
1650 1455
1746 1425
1800 1358
1843 1350
1875 1261
1940 1275
2037 1200
2100 1164
2134 1125
2250 1067
2328 1050
2425 975
2475 970
2716 900
2775 873
2910 825
3075 776
3201 750
3525 679
3589 675
3977 600
4125 582
4559 525
4875 485
5335 450
6150 388
6305 375
7954 300
8175 291
10573 225
12225 194
15811 150
24375 97
31525 75
341 85 38
72
38 28985
76 14535
85 12958
114 9690
152 7310
170 6498
190 5865
228 4845
255 4332
266 4165
304 3655
340 3268
342 3230
380 2975
418 2635
425 2622
456 2465
494 2295
510 2166
532 2125
570 1955
595 1862
608 1870
646 1785
680 1634
684 1615
722 1530
765 1444
798 1445
836 1360
850 1330
874 1275
935 1178
950 1190
1020 1102
1026 1105
1102 1020
1105 1026
1178 935
1190 950
1275 874
1330 850
1360 836
1444 765
1445 798
1530 722
1615 684
1634 680
1785 646
1862 595
1870 608
1955 570
2125 532
2166 510
2295 494
2465 456
2622 425
2635 418
2975 380
3230 342
3268 340
3655 304
4165 266
4332 255
4845 228
5865 190
6498 170
7310 152
9690 114
12958 85
14535 76
28985 38
324 75 85
72
75 27540
85 24300
150 13770
170 12150
225 9180
255 8100
300 6885
340 6075
375 5525
425 4875
450 4590
510 4050
525 3995
595 3525
600 3485
675 3060
680 3075
750 2805
765 2700
825 2550
850 2475
900 2295
935 2250
975 2125
1020 2025
1050 2040
1105 1875
1125 1870
1190 1800
1200 1785
1275 1650
1275 1700
1350 1530
1350 1530
1360 1575
1445 1500
1500 1445
1530 1350
1530 1350
1575 1360
1650 1275
1700 1275
1785 1200
1800 1190
1870 1125
1875 1105
2025 1020
2040 1050
2125 975
2250 935
2295 900
2475 850
2550 825
2700 765
2805 750
3060 675
3075 680
3485 600
3525 595
3995 525
4050 510
4590 450
4875 425
5525 375
6075 340
6885 300
8100 255
9180 225
12150 170
13770 150
24300 85
27540 75
341 45 78
72
45 26598
78 15345
90 13338
135 8892
156 7695
180 6708
225 5382
234 5130
270 4446
312 3870
315 3822
360 3354
390 3105
405 2964
450 2730
468 2565
495 2418
540 2262
546 2205
585 2106
624 1935
630 1950
675 1794
702 1710
720 1716
765 1638
780 1575
810 1482
855 1404
858 1395
936 1305
945 1326
990 1248
1014 1215
1035 1170
1092 1125
1125 1092
1170 1035
1215 1014
1248 990
1305 936
1326 945
1395 858
1404 855
1482 810
1575 780
1638 765
1710 702
1716 720
1794 675
1935 624
1950 630
2106 585
2205 546
2262 540
2418 495
2565 468
2730 450
2964 405
3105 390
3354 360
3822 315
3870 312
4446 270
5130 234
5382 225
6708 180
7695 156
8892 135
13338 90
15345 78
26598 45
346 40 51
72
40 17646
51 13840
80 8823
102 6920
120 5916
153 4640
160 4437
200 3570
204 3480
240 2958
255 2800
280 2550
306 2320
320 2244
357 2000
360 1989
400 1785
408 1760
440 1632
459 1560
480 1479
510 1400
520 1377
560 1275
561 1280
600 1224
612 1160
640 1122
663 1080
680 1071
714 1000
720 1020
765 960
800 918
816 880
840 867
867 840
880 816
918 800
960 765
1000 714
1020 720
1071 680
1080 663
1122 640
1160 612
1224 600
1275 560
1280 561
1377 520
1400 510
1479 480
1560 459
1632 440
1760 408
1785 400
1989 360
2000 357
2244 320
2320 306
2550 280
2800 255
2958 240
3480 204
3570 200
4437 160
4640 153
5916 120
6920 102
8823 80
13840 51
17646 40
323 64 47
68
47 20672
64 15181
94 10368
128 7614
141 6912
188 5184
192 5076
235 4160
256 3807
282 3456
320 3055
329 3008
376 2624
384 2538
423 2304
448 2209
470 2112
512 1927
517 1920
564 1728
576 1692
611 1600
640 1551
658 1536
704 1410
705 1408
752 1344
768 1269
799 1216
832 1175
893 1088
896 1128
960 1034
987 1024
1024 987
1034 960
1088 893
1128 896
1175 832
1216 799
1269 768
1344 752
1408 705
1410 704
1536 658
1551 640
1600 611
1692 576
1728 564
1920 517
1927 512
2112 470
2209 448
2304 423
2538 384
2624 376
3008 329
3055 320
3456 282
3807 256
4160 235
5076 192
5184 188
6912 141
7614 128
10368 94
15181 64
20672 47
332 60 98
72
60 32536
98 19920
120 16268
180 10878
196 9960
240 8134
294 6660
300 6566
360 5488
392 4980
420 4704
480 4116
490 4020
540 3626
588 3360
600 3332
660 3038
686 2880
720 2744
780 2548
784 2520
840 2352
882 2220
900 2254
960 2058
980 2040
1020 1960
1078 1860
1080 1862
1140 1764
1176 1680
1200 1666
1260 1568
1274 1560
1372 1440
1380 1470
1440 1372
1470 1380
1560 1274
1568 1260
1666 1200
1680 1176
1764 1140
1860 1078
1862 1080
1960 1020
2040 980
2058 960
2220 882
2254 900
2352 840
2520 784
2548 780
2744 720
2880 686
3038 660
3332 600
3360 588
3626 540
4020 490
4116 480
4704 420
4980 392
5488 360
6566 300
6660 294
8134 240
9960 196
10878 180
16268 120
19920 98
32536 60
344 87 98
72
87 33712
98 29928
174 16856
196 14964
261 11270
294 10005
348 8428
392 7482
435 6762
490 6003
522 5684
588 5046
609 4900
686 4350
696 4214
783 3822
784 3741
870 3430
882 3393
957 3136
980 3045
1044 2842
1078 2784
1131 2646
1176 2523
1218 2450
1274 2349
1305 2254
1372 2175
1392 2156
1470 2001
1479 2058
1566 1960
1568 1914
1666 1827
1740 1764
1764 1740
1827 1666
1914 1568
1960 1566
2001 1470
2058 1479
2156 1392
2175 1372
2254 1305
2349 1274
2450 1218
2523 1176
2646 1131
2784 1078
2842 1044
3045 980
3136 957
3393 882
3430 870
3741 784
3822 783
4214 696
4350 686
4900 609
5046 588
5684 522
6003 490
6762 435
7482 392
8428 348
10005 294
11270 261
14964 196
16856 174
29928 98
33712 87
335 61 54
72
54 20435
61 18090
108 10248
122 9072
162 6832
183 6048
216 5124
244 4536
270 4087
305 3618
324 3416
366 3024
378 2928
427 2592
432 2562
486 2318
488 2268
540 2074
549 2052
594 1891
610 1836
648 1708
671 1674
702 1586
732 1512
756 1464
793 1404
810 1403
854 1296
864 1281
915 1242
918 1220
972 1159
976 1134
1026 1098
1037 1080
1080 1037
1098 1026
1134 976
1159 972
1220 918
1242 915
1281 864
1296 854
1403 810
1404 793
1464 756
1512 732
1586 702
1674 671
1708 648
1836 610
1891 594
2052 549
2074 540
2268 488
2318 486
2562 432
2592 427
2928 378
3024 366
3416 324
3618 305
4087 270
4536 244
5124 216
6048 183
6832 162
9072 122
10248 108
18090 61
20435 54
339 75 39
72
39 25425
75 13221
78 12750
117 8475
150 6630
156 6375
195 5100
225 4407
234 4275
273 3675
300 3315
312 3225
351 2850
375 2652
390 2550
429 2325
450 2223
468 2175
507 2025
525 1911
546 1875
585 1725
600 1677
624 1650
663 1500
675 1482
702 1425
741 1350
750 1326
780 1275
825 1209
858 1200
897 1125
900 1131
975 1050
975 1053
1050 975
1053 975
1125 897
1131 900
1200 858
1209 825
1275 780
1326 750
1350 741
1425 702
1482 675
1500 663
1650 624
1677 600
1725 585
1875 546
1911 525
2025 507
2175 468
2223 450
2325 429
2550 390
2652 375
2850 351
3225 312
3315 300
3675 273
4275 234
4407 225
5100 195
6375 156
6630 150
8475 117
12750 78
13221 75
25425 39
339 88 35
72
35 29832
70 14960
88 11865
105 9944
140 7480
175 5984
176 5950
210 5016
245 4312
264 3955
280 3784
315 3344
350 2992
352 2975
385 2728
420 2552
440 2380
455 2376
490 2200
525 2024
528 1995
560 1936
595 1760
616 1715
630 1672
665 1584
700 1496
704 1505
770 1408
792 1330
805 1320
875 1232
880 1190
945 1144
968 1085
1015 1056
1056 1015
1085 968
1144 945
1190 880
1232 875
1320 805
1330 792
1408 770
1496 700
1505 704
1584 665
1672 630
1715 616
1760 595
1936 560
1995 528
2024 525
2200 490
2376 455
2380 440
2552 420
2728 385
2975 352
2992 350
3344 315
3784 280
3955 264
4312 245
5016 210
5950 176
5984 175
7480 140
9944 105
11865 88
14960 70
29832 35
325 88 52
72
52 28600
88 16900
104 14344
156 9592
176 8476
208 7216
260 5720
264 5668
312 4840
352 4264
364 4136
416 3608
440 3380
468 3256
520 2904
528 2860
572 2640
616 2444
624 2464
676 2200
704 2132
728 2112
780 1936
792 1924
832 1848
880 1716
884 1760
936 1672
968 1560
988 1584
1040 1496
1056 1456
1092 1408
1144 1300
1144 1320
1232 1248
1248 1232
1300 1144
1320 1144
1408 1092
1456 1056
1496 1040
1560 968
1584 988
1672 936
1716 880
1760 884
1848 832
1924 792
1936 780
2112 728
2132 704
2200 676
2444 616
2464 624
2640 572
2860 528
2904 520
3256 468
3380 440
3608 416
4136 364
4264 352
4840 312
5668 264
5720 260
7216 208
8476 176
9592 156
14344 104
16900 88
28600 52
